-1.1254 -2.5075 1.5178 1.1254 2.5075 -1.5178
-1.1165 -2.479 1.498 1.1165 2.479 -1.498
-1.1071 -2.4503 1.4785 1.1071 2.4503 -1.4785
-1.0973 -2.4215 1.4593 1.0973 2.4215 -1.4593
-1.087 -2.3925 1.4404 1.087 2.3925 -1.4404
-1.0763 -2.3633 1.4217 1.0763 2.3633 -1.4217
-1.0653 -2.3339 1.4031 1.0653 2.3339 -1.4031
-1.0539 -2.3043 1.3847 1.0539 2.3043 -1.3847
-1.0422 -2.2746 1.3665 1.0422 2.2746 -1.3665
-1.0301 -2.2446 1.3483 1.0301 2.2446 -1.3483
-1.0178 -2.2144 1.3301 1.0178 2.2144 -1.3301
-1.0053 -2.1839 1.3121 1.0053 2.1839 -1.3121
-0.99238 -2.1532 1.294 0.99238 2.1532 -1.294
-0.97925 -2.1222 1.2759 0.97925 2.1222 -1.2759
-0.96585 -2.091 1.2579 0.96585 2.091 -1.2579
-0.95218 -2.0594 1.2397 0.95218 2.0594 -1.2397
-0.93826 -2.0276 1.2216 0.93826 2.0276 -1.2216
-0.92407 -1.9954 1.2034 0.92407 1.9954 -1.2034
-0.90962 -1.9629 1.1851 0.90962 1.9629 -1.1851
-0.8949 -1.9301 1.1666 0.8949 1.9301 -1.1666
-0.87991 -1.8968 1.1481 0.87991 1.8968 -1.1481
-0.86465 -1.8631 1.1294 0.86465 1.8631 -1.1294
-0.8491 -1.8291 1.1106 0.8491 1.8291 -1.1106
-0.83325 -1.7945 1.0916 0.83325 1.7945 -1.0916
-0.8171 -1.7595 1.0724 0.8171 1.7595 -1.0724
-0.80064 -1.7239 1.053 0.80064 1.7239 -1.053
-0.78385 -1.6878 1.0334 0.78385 1.6878 -1.0334
-0.7667 -1.6511 1.0135 0.7667 1.6511 -1.0135
-0.7492 -1.6138 0.99328 0.7492 1.6138 -0.99328
-0.73131 -1.5758 0.97278 0.73131 1.5758 -0.97278
-0.71301 -1.5371 0.95193 0.71301 1.5371 -0.95193
-0.69427 -1.4975 0.9307 0.69427 1.4975 -0.9307
-0.67506 -1.4571 0.90906 0.67506 1.4571 -0.90906
-0.65535 -1.4158 0.88695 0.65535 1.4158 -0.88695
-0.63509 -1.3734 0.86433 0.63509 1.3734 -0.86433
-0.61424 -1.3299 0.84114 0.61424 1.3299 -0.84114
-0.59273 -1.2852 0.81731 0.59273 1.2852 -0.81731
-0.57051 -1.2391 0.79278 0.57051 1.2391 -0.79278
-0.54748 -1.1914 0.76744 0.54748 1.1914 -0.76744
-0.52356 -1.142 0.74119 0.52356 1.142 -0.74119
