-1.2564 -2.5129 1.2564 1.2564 2.5129 -1.2564
-1.2443 -2.4886 1.2443 1.2443 2.4886 -1.2443
-1.2321 -2.4642 1.2321 1.2321 2.4642 -1.2321
-1.2198 -2.4396 1.2198 1.2198 2.4396 -1.2198
-1.2075 -2.415 1.2075 1.2075 2.415 -1.2075
-1.1951 -2.3903 1.1951 1.1951 2.3903 -1.1951
-1.1827 -2.3654 1.1827 1.1827 2.3654 -1.1827
-1.1702 -2.3404 1.1702 1.1702 2.3404 -1.1702
-1.1576 -2.3153 1.1576 1.1576 2.3153 -1.1576
-1.145 -2.29 1.145 1.145 2.29 -1.145
-1.1323 -2.2646 1.1323 1.1323 2.2646 -1.1323
-1.1195 -2.239 1.1195 1.1195 2.239 -1.1195
-1.1066 -2.2133 1.1066 1.1066 2.2133 -1.1066
-1.0937 -2.1874 1.0937 1.0937 2.1874 -1.0937
-1.0807 -2.1613 1.0807 1.0807 2.1613 -1.0807
-1.0675 -2.1351 1.0675 1.0675 2.1351 -1.0675
-1.0543 -2.1086 1.0543 1.0543 2.1086 -1.0543
-1.041 -2.082 1.041 1.041 2.082 -1.041
-1.0276 -2.0551 1.0276 1.0276 2.0551 -1.0276
-1.014 -2.0281 1.014 1.014 2.0281 -1.014
-1.0004 -2.0008 1.0004 1.0004 2.0008 -1.0004
-0.9866 -1.9732 0.9866 0.9866 1.9732 -0.9866
-0.97271 -1.9454 0.97271 0.97271 1.9454 -0.97271
-0.95868 -1.9174 0.95868 0.95868 1.9174 -0.95868
-0.94451 -1.889 0.94451 0.94451 1.889 -0.94451
-0.93019 -1.8604 0.93019 0.93019 1.8604 -0.93019
-0.91572 -1.8314 0.91572 0.91572 1.8314 -0.91572
-0.90108 -1.8022 0.90108 0.90108 1.8022 -0.90108
-0.88628 -1.7726 0.88628 0.88628 1.7726 -0.88628
-0.87129 -1.7426 0.87129 0.87129 1.7426 -0.87129
-0.85611 -1.7122 0.85611 0.85611 1.7122 -0.85611
-0.84073 -1.6815 0.84073 0.84073 1.6815 -0.84073
-0.82513 -1.6503 0.82513 0.82513 1.6503 -0.82513
-0.80931 -1.6186 0.80931 0.80931 1.6186 -0.80931
-0.79324 -1.5865 0.79324 0.79324 1.5865 -0.79324
-0.77692 -1.5538 0.77692 0.77692 1.5538 -0.77692
-0.76032 -1.5206 0.76032 0.76032 1.5206 -0.76032
-0.74342 -1.4868 0.74342 0.74342 1.4868 -0.74342
-0.72621 -1.4524 0.72621 0.72621 1.4524 -0.72621
-0.70866 -1.4173 0.70866 0.70866 1.4173 -0.70866
-0.69074 -1.3815 0.69074 0.69074 1.3815 -0.69074
-0.67242 -1.3448 0.67242 0.67242 1.3448 -0.67242
-0.65367 -1.3073 0.65367 0.65367 1.3073 -0.65367
-0.63446 -1.2689 0.63446 0.63446 1.2689 -0.63446
-0.61472 -1.2294 0.61472 0.61472 1.2294 -0.61472
-0.59442 -1.1888 0.59442 0.59442 1.1888 -0.59442
-0.57349 -1.147 0.57349 0.57349 1.147 -0.57349
-0.55186 -1.1037 0.55186 0.55186 1.1037 -0.55186
-0.52944 -1.0589 0.52944 0.52944 1.0589 -0.52944
-0.50612 -1.0122 0.50612 0.50612 1.0122 -0.50612
-0.48178 -0.96356 0.48178 0.48178 0.96356 -0.48178
-0.45625 -0.9125 0.45625 0.45625 0.9125 -0.45625
-0.42932 -0.85864 0.42932 0.42932 0.85864 -0.42932
-0.4007 -0.8014 0.4007 0.4007 0.8014 -0.4007
-0.37 -0.73999 0.37 0.37 0.73999 -0.37
-0.33665 -0.67329 0.33665 0.33665 0.67329 -0.33665
-0.29976 -0.59952 0.29976 0.29976 0.59952 -0.29976
-0.25782 -0.51565 0.25782 0.25782 0.51565 -0.25782
-0.2078 -0.41561 0.2078 0.2078 0.41561 -0.2078
-0.14136 -0.28271 0.14136 0.14136 0.28271 -0.14136
