-1.666e-08 -3.332e-08 0 1.666e-08 3.332e-08 -0
-0.09668 -0.19336 0.09668 0.09668 0.19336 -0.09668
-0.13678 -0.27356 0.13678 0.13678 0.27356 -0.13678
-0.16759 -0.33517 0.16759 0.16759 0.33517 -0.16759
-0.19359 -0.38718 0.19359 0.19359 0.38718 -0.19359
-0.21652 -0.43304 0.21652 0.21652 0.43304 -0.21652
-0.23728 -0.47456 0.23728 0.23728 0.47456 -0.23728
-0.25639 -0.51279 0.25639 0.25639 0.51279 -0.25639
-0.27421 -0.54841 0.27421 0.27421 0.54841 -0.27421
-0.29095 -0.58191 0.29095 0.29095 0.58191 -0.29095
-0.30681 -0.61363 0.30681 0.30681 0.61363 -0.30681
-0.32192 -0.64383 0.32192 0.32192 0.64383 -0.32192
-0.33636 -0.67273 0.33636 0.33636 0.67273 -0.33636
-0.35024 -0.70048 0.35024 0.35024 0.70048 -0.35024
-0.3636 -0.72721 0.3636 0.3636 0.72721 -0.3636
-0.37652 -0.75303 0.37652 0.37652 0.75303 -0.37652
-0.38902 -0.77804 0.38902 0.38902 0.77804 -0.38902
-0.40115 -0.80231 0.40115 0.40115 0.80231 -0.40115
-0.41295 -0.8259 0.41295 0.41295 0.8259 -0.41295
-0.42443 -0.84887 0.42443 0.42443 0.84887 -0.42443
-0.43564 -0.87127 0.43564 0.43564 0.87127 -0.43564
-0.44657 -0.89315 0.44657 0.44657 0.89315 -0.44657
-0.45727 -0.91454 0.45727 0.45727 0.91454 -0.45727
-0.46773 -0.93547 0.46773 0.46773 0.93547 -0.46773
-0.47799 -0.95598 0.47799 0.47799 0.95598 -0.47799
-0.48804 -0.97609 0.48804 0.48804 0.97609 -0.48804
-0.49791 -0.99582 0.49791 0.49791 0.99582 -0.49791
-0.5076 -1.0152 0.5076 0.5076 1.0152 -0.5076
-0.51713 -1.0343 0.51713 0.51713 1.0343 -0.51713
-0.5265 -1.053 0.5265 0.5265 1.053 -0.5265
-0.53572 -1.0714 0.53572 0.53572 1.0714 -0.53572
-0.5448 -1.0896 0.5448 0.5448 1.0896 -0.5448
-0.55374 -1.1075 0.55374 0.55374 1.1075 -0.55374
-0.56256 -1.1251 0.56256 0.56256 1.1251 -0.56256
-0.57125 -1.1425 0.57125 0.57125 1.1425 -0.57125
-0.57983 -1.1597 0.57983 0.57983 1.1597 -0.57983
-0.5883 -1.1766 0.5883 0.5883 1.1766 -0.5883
-0.59667 -1.1933 0.59667 0.59667 1.1933 -0.59667
-0.60493 -1.2099 0.60493 0.60493 1.2099 -0.60493
-0.61309 -1.2262 0.61309 0.61309 1.2262 -0.61309
-0.61309 -1.2262 0.61309 0.61309 1.2262 -0.61309
-0.61673 -1.2335 0.61673 0.61673 1.2335 -0.61673
-0.62035 -1.2407 0.62035 0.62035 1.2407 -0.62035
-0.62395 -1.2479 0.62395 0.62395 1.2479 -0.62395
-0.62754 -1.2551 0.62754 0.62754 1.2551 -0.62754
-0.63111 -1.2622 0.63111 0.63111 1.2622 -0.63111
-0.63466 -1.2693 0.63466 0.63466 1.2693 -0.63466
-0.63819 -1.2764 0.63819 0.63819 1.2764 -0.63819
-0.64171 -1.2834 0.64171 0.64171 1.2834 -0.64171
-0.64521 -1.2904 0.64521 0.64521 1.2904 -0.64521
-0.64869 -1.2974 0.64869 0.64869 1.2974 -0.64869
-0.65216 -1.3043 0.65216 0.65216 1.3043 -0.65216
-0.65561 -1.3112 0.65561 0.65561 1.3112 -0.65561
-0.65905 -1.3181 0.65905 0.65905 1.3181 -0.65905
-0.66247 -1.3249 0.66247 0.66247 1.3249 -0.66247
-0.66588 -1.3318 0.66588 0.66588 1.3318 -0.66588
-0.66927 -1.3385 0.66927 0.66927 1.3385 -0.66927
-0.67264 -1.3453 0.67264 0.67264 1.3453 -0.67264
-0.67601 -1.352 0.67601 0.67601 1.352 -0.67601
-0.67936 -1.3587 0.67936 0.67936 1.3587 -0.67936
-0.67936 -1.3587 0.67936 0.67936 1.3587 -0.67936
-0.67601 -1.352 0.67601 0.67601 1.352 -0.67601
-0.67264 -1.3453 0.67264 0.67264 1.3453 -0.67264
-0.66927 -1.3385 0.66927 0.66927 1.3385 -0.66927
-0.66588 -1.3318 0.66588 0.66588 1.3318 -0.66588
-0.66247 -1.3249 0.66247 0.66247 1.3249 -0.66247
-0.65905 -1.3181 0.65905 0.65905 1.3181 -0.65905
-0.65561 -1.3112 0.65561 0.65561 1.3112 -0.65561
-0.65216 -1.3043 0.65216 0.65216 1.3043 -0.65216
-0.64869 -1.2974 0.64869 0.64869 1.2974 -0.64869
-0.64521 -1.2904 0.64521 0.64521 1.2904 -0.64521
-0.64171 -1.2834 0.64171 0.64171 1.2834 -0.64171
-0.63819 -1.2764 0.63819 0.63819 1.2764 -0.63819
-0.63466 -1.2693 0.63466 0.63466 1.2693 -0.63466
-0.63111 -1.2622 0.63111 0.63111 1.2622 -0.63111
-0.62754 -1.2551 0.62754 0.62754 1.2551 -0.62754
-0.62395 -1.2479 0.62395 0.62395 1.2479 -0.62395
-0.62035 -1.2407 0.62035 0.62035 1.2407 -0.62035
-0.61673 -1.2335 0.61673 0.61673 1.2335 -0.61673
-0.61309 -1.2262 0.61309 0.61309 1.2262 -0.61309
-0.61309 -1.2262 0.61309 0.61309 1.2262 -0.61309
-0.61673 -1.2335 0.61673 0.61673 1.2335 -0.61673
-0.62035 -1.2407 0.62035 0.62035 1.2407 -0.62035
-0.62395 -1.2479 0.62395 0.62395 1.2479 -0.62395
-0.62754 -1.2551 0.62754 0.62754 1.2551 -0.62754
-0.63111 -1.2622 0.63111 0.63111 1.2622 -0.63111
-0.63466 -1.2693 0.63466 0.63466 1.2693 -0.63466
-0.63819 -1.2764 0.63819 0.63819 1.2764 -0.63819
-0.64171 -1.2834 0.64171 0.64171 1.2834 -0.64171
-0.64521 -1.2904 0.64521 0.64521 1.2904 -0.64521
-0.64869 -1.2974 0.64869 0.64869 1.2974 -0.64869
-0.65216 -1.3043 0.65216 0.65216 1.3043 -0.65216
-0.65561 -1.3112 0.65561 0.65561 1.3112 -0.65561
-0.65905 -1.3181 0.65905 0.65905 1.3181 -0.65905
-0.66247 -1.3249 0.66247 0.66247 1.3249 -0.66247
-0.66588 -1.3318 0.66588 0.66588 1.3318 -0.66588
-0.66927 -1.3385 0.66927 0.66927 1.3385 -0.66927
-0.67264 -1.3453 0.67264 0.67264 1.3453 -0.67264
-0.67601 -1.352 0.67601 0.67601 1.352 -0.67601
-0.67936 -1.3587 0.67936 0.67936 1.3587 -0.67936
-0.67936 -1.3587 0.67936 0.67936 1.3587 -0.67936
-0.67601 -1.352 0.67601 0.67601 1.352 -0.67601
-0.67264 -1.3453 0.67264 0.67264 1.3453 -0.67264
-0.66927 -1.3385 0.66927 0.66927 1.3385 -0.66927
-0.66588 -1.3318 0.66588 0.66588 1.3318 -0.66588
-0.66247 -1.3249 0.66247 0.66247 1.3249 -0.66247
-0.65905 -1.3181 0.65905 0.65905 1.3181 -0.65905
-0.65561 -1.3112 0.65561 0.65561 1.3112 -0.65561
-0.65216 -1.3043 0.65216 0.65216 1.3043 -0.65216
-0.64869 -1.2974 0.64869 0.64869 1.2974 -0.64869
-0.64521 -1.2904 0.64521 0.64521 1.2904 -0.64521
-0.64171 -1.2834 0.64171 0.64171 1.2834 -0.64171
-0.63819 -1.2764 0.63819 0.63819 1.2764 -0.63819
-0.63466 -1.2693 0.63466 0.63466 1.2693 -0.63466
-0.63111 -1.2622 0.63111 0.63111 1.2622 -0.63111
-0.62754 -1.2551 0.62754 0.62754 1.2551 -0.62754
-0.62395 -1.2479 0.62395 0.62395 1.2479 -0.62395
-0.62035 -1.2407 0.62035 0.62035 1.2407 -0.62035
-0.61673 -1.2335 0.61673 0.61673 1.2335 -0.61673
-0.61309 -1.2262 0.61309 0.61309 1.2262 -0.61309
-0.61309 -1.2262 0.61309 0.61309 1.2262 -0.61309
-0.61673 -1.2335 0.61673 0.61673 1.2335 -0.61673
-0.62035 -1.2407 0.62035 0.62035 1.2407 -0.62035
-0.62395 -1.2479 0.62395 0.62395 1.2479 -0.62395
-0.62754 -1.2551 0.62754 0.62754 1.2551 -0.62754
-0.63111 -1.2622 0.63111 0.63111 1.2622 -0.63111
-0.63466 -1.2693 0.63466 0.63466 1.2693 -0.63466
-0.63819 -1.2764 0.63819 0.63819 1.2764 -0.63819
-0.64171 -1.2834 0.64171 0.64171 1.2834 -0.64171
-0.64521 -1.2904 0.64521 0.64521 1.2904 -0.64521
-0.64869 -1.2974 0.64869 0.64869 1.2974 -0.64869
-0.65216 -1.3043 0.65216 0.65216 1.3043 -0.65216
-0.65561 -1.3112 0.65561 0.65561 1.3112 -0.65561
-0.65905 -1.3181 0.65905 0.65905 1.3181 -0.65905
-0.66247 -1.3249 0.66247 0.66247 1.3249 -0.66247
-0.66588 -1.3318 0.66588 0.66588 1.3318 -0.66588
-0.66927 -1.3385 0.66927 0.66927 1.3385 -0.66927
-0.67264 -1.3453 0.67264 0.67264 1.3453 -0.67264
-0.67601 -1.352 0.67601 0.67601 1.352 -0.67601
-0.67936 -1.3587 0.67936 0.67936 1.3587 -0.67936
-0.67936 -1.3587 0.67936 0.67936 1.3587 -0.67936
-0.67601 -1.352 0.67601 0.67601 1.352 -0.67601
-0.67264 -1.3453 0.67264 0.67264 1.3453 -0.67264
-0.66927 -1.3385 0.66927 0.66927 1.3385 -0.66927
-0.66588 -1.3318 0.66588 0.66588 1.3318 -0.66588
-0.66247 -1.3249 0.66247 0.66247 1.3249 -0.66247
-0.65905 -1.3181 0.65905 0.65905 1.3181 -0.65905
-0.65561 -1.3112 0.65561 0.65561 1.3112 -0.65561
-0.65216 -1.3043 0.65216 0.65216 1.3043 -0.65216
-0.64869 -1.2974 0.64869 0.64869 1.2974 -0.64869
-0.64521 -1.2904 0.64521 0.64521 1.2904 -0.64521
-0.64171 -1.2834 0.64171 0.64171 1.2834 -0.64171
-0.63819 -1.2764 0.63819 0.63819 1.2764 -0.63819
-0.63466 -1.2693 0.63466 0.63466 1.2693 -0.63466
-0.63111 -1.2622 0.63111 0.63111 1.2622 -0.63111
-0.62754 -1.2551 0.62754 0.62754 1.2551 -0.62754
-0.62395 -1.2479 0.62395 0.62395 1.2479 -0.62395
-0.62035 -1.2407 0.62035 0.62035 1.2407 -0.62035
-0.61673 -1.2335 0.61673 0.61673 1.2335 -0.61673
-0.61309 -1.2262 0.61309 0.61309 1.2262 -0.61309
-0.61309 -1.2262 0.61309 0.61309 1.2262 -0.61309
-0.60583 -1.2117 0.60583 0.60583 1.2117 -0.60583
-0.59848 -1.197 0.59848 0.59848 1.197 -0.59848
-0.59106 -1.1821 0.59106 0.59106 1.1821 -0.59106
-0.58356 -1.1671 0.58356 0.58356 1.1671 -0.58356
-0.57597 -1.1519 0.57597 0.57597 1.1519 -0.57597
-0.56829 -1.1366 0.56829 0.56829 1.1366 -0.56829
-0.56051 -1.121 0.56051 0.56051 1.121 -0.56051
-0.55264 -1.1053 0.55264 0.55264 1.1053 -0.55264
-0.54467 -1.0893 0.54467 0.54467 1.0893 -0.54467
-0.53659 -1.0732 0.53659 0.53659 1.0732 -0.53659
-0.5284 -1.0568 0.5284 0.5284 1.0568 -0.5284
-0.52009 -1.0402 0.52009 0.52009 1.0402 -0.52009
-0.51166 -1.0233 0.51166 0.51166 1.0233 -0.51166
-0.5031 -1.0062 0.5031 0.5031 1.0062 -0.5031
-0.49441 -0.98882 0.49441 0.49441 0.98882 -0.49441
-0.48557 -0.97114 0.48557 0.48557 0.97114 -0.48557
-0.47659 -0.95317 0.47659 0.47659 0.95317 -0.47659
-0.46744 -0.93488 0.46744 0.46744 0.93488 -0.46744
-0.45812 -0.91625 0.45812 0.45812 0.91625 -0.45812
-0.44863 -0.89726 0.44863 0.44863 0.89726 -0.44863
-0.43895 -0.87789 0.43895 0.43895 0.87789 -0.43895
-0.42906 -0.85811 0.42906 0.42906 0.85811 -0.42906
-0.41895 -0.8379 0.41895 0.41895 0.8379 -0.41895
-0.40861 -0.81721 0.40861 0.40861 0.81721 -0.40861
-0.39801 -0.79602 0.39801 0.39801 0.79602 -0.39801
-0.38714 -0.77428 0.38714 0.38714 0.77428 -0.38714
-0.37597 -0.75195 0.37597 0.37597 0.75195 -0.37597
-0.36448 -0.72896 0.36448 0.36448 0.72896 -0.36448
-0.35263 -0.70526 0.35263 0.35263 0.70526 -0.35263
-0.34039 -0.68077 0.34039 0.34039 0.68077 -0.34039
-0.3277 -0.6554 0.3277 0.3277 0.6554 -0.3277
-0.31453 -0.62905 0.31453 0.31453 0.62905 -0.31453
-0.30079 -0.60159 0.30079 0.30079 0.60159 -0.30079
-0.28643 -0.57285 0.28643 0.28643 0.57285 -0.28643
-0.27132 -0.54264 0.27132 0.27132 0.54264 -0.27132
-0.25534 -0.51069 0.25534 0.25534 0.51069 -0.25534
-0.23832 -0.47665 0.23832 0.23832 0.47665 -0.23832
-0.22002 -0.44004 0.22002 0.22002 0.44004 -0.22002
-0.20007 -0.40015 0.20007 0.20007 0.40015 -0.20007
